0.200000
0.205232
0.208097
0.207097
0.201180
0.189846
0.173186
0.151874
0.127094
0.100427
0.073683
0.048732
0.027310
0.010851
0.000343
-0.003772
-0.001641
0.006010
0.017946
0.032542
0.047940
0.062233
0.073642
0.080697
0.082376
0.078203
0.068295
0.053348
0.034570
0.013559
-0.007852
-0.027777
-0.044461
-0.056454
-0.062753
-0.062902
-0.057033
-0.045860
-0.030606
-0.012884
0.005460
0.022527
0.036550
0.046067
0.050065
0.048075
0.040223
0.027212
0.010256
-0.009039
-0.028836
-0.047241
-0.062496
-0.073144
-0.078179
-0.077137
-0.070149
-0.057924
-0.041681
-0.023029
-0.003811
0.014077
0.028871
0.039112
0.043789
0.042437
0.035183
0.022734
0.006304
-0.012498
-0.031831
-0.049804
-0.064653
-0.074921
-0.079600
-0.078226
-0.070928
-0.058413
-0.041899
-0.022994
-0.003541
0.014566
0.029564
0.039995
0.044849
0.043661
0.036559
0.024250
0.007951
-0.010730
-0.029953
-0.047823
-0.062578
-0.072760
-0.077360
-0.075914
-0.068550
-0.055975
-0.039407
-0.020453
