0.000000
0.002030
0.004105
0.006193
0.008248
0.010217
0.012046
0.013682
0.015084
0.016224
0.017093
0.017698
0.018067
0.018243
0.018283
0.018249
0.018206
0.018215
0.018326
0.018573
0.018976
0.019532
0.020221
0.021006
0.021836
0.022654
0.023401
0.024021
0.024469
0.024713
0.024740
0.024556
0.024184
0.023666
0.023054
0.022410
0.021795
0.021268
0.020877
0.020655
0.020619
0.020765
0.021070
0.021496
0.021992
0.022499
0.022955
0.023304
0.023500
0.023510
0.023319
0.022933
0.022374
0.021683
0.020910
0.020118
0.019367
0.018714
0.018207
0.017880
0.017746
0.017803
0.018028
0.018382
0.018811
0.019258
0.019661
0.019963
0.020117
0.020090
0.019867
0.019453
0.018871
0.018159
0.017371
0.016566
0.015806
0.015147
0.014637
0.014308
0.014176
0.014237
0.014468
0.014829
0.015269
0.015727
0.016143
0.016460
0.016629
0.016619
0.016415
0.016020
0.015458
0.014768
0.014002
0.013220
0.012482
0.011848
0.011362
0.011059
