0.200000
0.205405
0.208438
0.207580
0.201767
0.190485
0.173820
0.152447
0.127554
0.100730
0.073804
0.048660
0.027054
0.010436
-0.000189
-0.004369
-0.002245
0.005457
0.017497
0.032240
0.047813
0.062292
0.073879
0.081088
0.082880
0.078768
0.068864
0.053863
0.034978
0.013818
-0.007770
-0.027882
-0.044746
-0.056894
-0.063307
-0.063517
-0.057652
-0.046425
-0.031064
-0.013192
0.005329
0.022584
0.036787
0.046459
0.050571
0.048644
0.040796
0.027732
0.010670
-0.008774
-0.028747
-0.047339
-0.062773
-0.073575
-0.078722
-0.077742
-0.070758
-0.058479
-0.042129
-0.023327
-0.003932
0.014143
0.029117
0.039513
0.044305
0.043015
0.035766
0.023263
0.006728
-0.012223
-0.031733
-0.049893
-0.064921
-0.075344
-0.080136
-0.078824
-0.071530
-0.058961
-0.042340
-0.023286
-0.003655
0.014639
0.029817
0.040403
0.045370
0.044245
0.037148
0.024786
0.008380
-0.010450
-0.029850
-0.047907
-0.062841
-0.073178
-0.077891
-0.076507
-0.069147
-0.056519
-0.039844
-0.020741
