0.000000
0.002028
0.004100
0.006184
0.008235
0.010201
0.012027
0.013662
0.015064
0.016206
0.017078
0.017688
0.018063
0.018246
0.018292
0.018264
0.018226
0.018238
0.018349
0.018597
0.018997
0.019549
0.020233
0.021012
0.021837
0.022650
0.023393
0.024010
0.024457
0.024702
0.024732
0.024552
0.024185
0.023672
0.023066
0.022427
0.021816
0.021292
0.020902
0.020679
0.020640
0.020781
0.021082
0.021502
0.021992
0.022493
0.022945
0.023292
0.023486
0.023497
0.023309
0.022927
0.022373
0.021687
0.020920
0.020133
0.019386
0.018735
0.018230
0.017901
0.017765
0.017818
0.018038
0.018385
0.018809
0.019251
0.019650
0.019949
0.020101
0.020075
0.019855
0.019445
0.018868
0.018162
0.017380
0.016580
0.015823
0.015167
0.014657
0.014328
0.014194
0.014250
0.014476
0.014831
0.015265
0.015718
0.016130
0.016444
0.016612
0.016603
0.016401
0.016011
0.015454
0.014769
0.014009
0.013232
0.012499
0.011867
0.011382
0.011078
