0.000000
0.100000
0.170902
0.184713
0.135340
0.040904
-0.063186
-0.137769
-0.154894
-0.108503
-0.016751
0.084924
0.157334
0.172502
0.124350
0.031013
-0.072088
-0.145781
-0.162105
-0.114992
-0.022591
0.079668
0.152603
0.168244
0.120518
0.027564
-0.075192
-0.148574
-0.164619
-0.117255
-0.024628
0.077835
0.150953
0.166759
0.119182
0.026362
-0.076274
-0.149549
-0.165495
-0.118044
-0.025338
0.077196
0.150378
0.166242
0.118716
0.025943
-0.076652
-0.149888
-0.165801
-0.118319
-0.025586
0.076973
0.150177
0.166061
0.118553
0.025796
-0.076783
-0.150007
-0.165908
-0.118415
-0.025672
0.076895
0.150107
0.165998
0.118497
0.025745
-0.076829
-0.150048
-0.165945
-0.118449
-0.025702
0.076868
0.150083
0.165976
0.118477
0.025728
-0.076845
-0.150062
-0.165958
-0.118460
-0.025713
0.076859
0.150075
0.165969
0.118470
0.025721
-0.076851
-0.150067
-0.165962
-0.118464
-0.025716
0.076855
0.150072
0.165966
0.118468
0.025719
-0.076853
-0.150069
-0.165964
-0.118466
