0.000000
0.085451
0.129190
0.115372
0.050055
-0.041106
-0.122652
-0.162857
-0.145840
-0.077629
0.016152
0.100068
0.142418
0.127343
0.060889
-0.031301
-0.113778
-0.154826
-0.138572
-0.071051
0.022104
0.105455
0.147294
0.131756
0.064882
-0.027687
-0.110508
-0.151866
-0.135894
-0.068627
0.024298
0.107441
0.149090
0.133382
0.066354
-0.026356
-0.109303
-0.150776
-0.134907
-0.067734
0.025106
0.108172
0.149752
0.133981
0.066896
-0.025865
-0.108858
-0.150374
-0.134543
-0.067405
0.025404
0.108442
0.149997
0.134202
0.067096
-0.025684
-0.108695
-0.150225
-0.134409
-0.067283
0.025514
0.108541
0.150086
0.134283
0.067170
-0.025617
-0.108634
-0.150171
-0.134359
-0.067239
0.025555
0.108578
0.150120
0.134313
0.067197
-0.025593
-0.108612
-0.150151
-0.134341
-0.067222
0.025570
0.108591
0.150132
0.134324
0.067207
-0.025584
-0.108604
-0.150143
-0.134335
-0.067216
0.025575
0.108596
0.150136
0.134328
0.067210
-0.025580
-0.108601
-0.150141
-0.134332
-0.067214
