0.000000
0.088884
0.135072
0.121754
0.054770
-0.039612
-0.124726
-0.167503
-0.151099
-0.081323
0.015587
0.102987
0.147833
0.133301
0.065218
-0.030159
-0.116172
-0.159763
-0.144096
-0.074986
0.021321
0.108175
0.152528
0.137548
0.069062
-0.026681
-0.113026
-0.156916
-0.141520
-0.072655
0.023430
0.110084
0.154254
0.139111
0.070476
-0.025402
-0.111868
-0.155869
-0.140572
-0.071797
0.024206
0.110786
0.154890
0.139686
0.070996
-0.024931
-0.111442
-0.155484
-0.140223
-0.071482
0.024491
0.111044
0.155123
0.139897
0.071187
-0.024758
-0.111286
-0.155342
-0.140095
-0.071366
0.024596
0.111139
0.155209
0.139975
0.071257
-0.024694
-0.111228
-0.155290
-0.140048
-0.071323
0.024635
0.111174
0.155241
0.140004
0.071283
-0.024671
-0.111207
-0.155271
-0.140030
-0.071307
0.024649
0.111187
0.155253
0.140014
0.071293
-0.024662
-0.111199
-0.155263
-0.140024
-0.071302
0.024654
0.111192
0.155257
0.140018
0.071296
-0.024659
-0.111196
-0.155261
-0.140022
-0.071300
